{
 "cells": [
  {
   "cell_type": "code",
   "execution_count": 2,
   "metadata": {},
   "outputs": [],
   "source": [
    "import scanpy as sc\n",
    "import squidpy as sq\n",
    "\n",
    "sc.settings.verbosity = 3\n",
    "sc.settings.set_figure_params(dpi=80, facecolor=\"white\")"
   ]
  },
  {
   "cell_type": "code",
   "execution_count": 3,
   "metadata": {},
   "outputs": [
    {
     "name": "stdout",
     "output_type": "stream",
     "text": [
      "Creating directory `/home/mowp/.cache/squidpy`\n",
      "try downloading from url\n",
      "https://ndownloader.figshare.com/files/26098397\n",
      "... this may take a while but only happens once\n"
     ]
    },
    {
     "name": "stderr",
     "output_type": "stream",
     "text": [
      "100%|██████████| 314M/314M [05:32<00:00, 990kB/s]   \n"
     ]
    }
   ],
   "source": [
    "adata = sq.datasets.visium_hne_adata()"
   ]
  },
  {
   "cell_type": "code",
   "execution_count": 4,
   "metadata": {},
   "outputs": [
    {
     "data": {
      "text/plain": [
       "AnnData object with n_obs × n_vars = 2688 × 18078\n",
       "    obs: 'in_tissue', 'array_row', 'array_col', 'n_genes_by_counts', 'log1p_n_genes_by_counts', 'total_counts', 'log1p_total_counts', 'pct_counts_in_top_50_genes', 'pct_counts_in_top_100_genes', 'pct_counts_in_top_200_genes', 'pct_counts_in_top_500_genes', 'total_counts_mt', 'log1p_total_counts_mt', 'pct_counts_mt', 'n_counts', 'leiden', 'cluster'\n",
       "    var: 'gene_ids', 'feature_types', 'genome', 'mt', 'n_cells_by_counts', 'mean_counts', 'log1p_mean_counts', 'pct_dropout_by_counts', 'total_counts', 'log1p_total_counts', 'n_cells', 'highly_variable', 'highly_variable_rank', 'means', 'variances', 'variances_norm'\n",
       "    uns: 'cluster_colors', 'hvg', 'leiden', 'leiden_colors', 'neighbors', 'pca', 'rank_genes_groups', 'spatial', 'umap'\n",
       "    obsm: 'X_pca', 'X_umap', 'spatial'\n",
       "    varm: 'PCs'\n",
       "    obsp: 'connectivities', 'distances'"
      ]
     },
     "execution_count": 4,
     "metadata": {},
     "output_type": "execute_result"
    }
   ],
   "source": [
    "adata"
   ]
  },
  {
   "cell_type": "code",
   "execution_count": 5,
   "metadata": {},
   "outputs": [
    {
     "name": "stderr",
     "output_type": "stream",
     "text": [
      "/home/mowp/mambaforge/envs/st/lib/python3.9/site-packages/IPython/lib/pretty.py:778: FutureWarning: is_categorical_dtype is deprecated and will be removed in a future version. Use isinstance(dtype, CategoricalDtype) instead\n",
      "  output = repr(obj)\n"
     ]
    },
    {
     "data": {
      "text/html": [
       "<div>\n",
       "<style scoped>\n",
       "    .dataframe tbody tr th:only-of-type {\n",
       "        vertical-align: middle;\n",
       "    }\n",
       "\n",
       "    .dataframe tbody tr th {\n",
       "        vertical-align: top;\n",
       "    }\n",
       "\n",
       "    .dataframe thead th {\n",
       "        text-align: right;\n",
       "    }\n",
       "</style>\n",
       "<table border=\"1\" class=\"dataframe\">\n",
       "  <thead>\n",
       "    <tr style=\"text-align: right;\">\n",
       "      <th></th>\n",
       "      <th>in_tissue</th>\n",
       "      <th>array_row</th>\n",
       "      <th>array_col</th>\n",
       "      <th>n_genes_by_counts</th>\n",
       "      <th>log1p_n_genes_by_counts</th>\n",
       "      <th>total_counts</th>\n",
       "      <th>log1p_total_counts</th>\n",
       "      <th>pct_counts_in_top_50_genes</th>\n",
       "      <th>pct_counts_in_top_100_genes</th>\n",
       "      <th>pct_counts_in_top_200_genes</th>\n",
       "      <th>pct_counts_in_top_500_genes</th>\n",
       "      <th>total_counts_mt</th>\n",
       "      <th>log1p_total_counts_mt</th>\n",
       "      <th>pct_counts_mt</th>\n",
       "      <th>n_counts</th>\n",
       "      <th>leiden</th>\n",
       "      <th>cluster</th>\n",
       "    </tr>\n",
       "  </thead>\n",
       "  <tbody>\n",
       "    <tr>\n",
       "      <th>AAACAAGTATCTCCCA-1</th>\n",
       "      <td>1</td>\n",
       "      <td>50</td>\n",
       "      <td>102</td>\n",
       "      <td>4928</td>\n",
       "      <td>8.502891</td>\n",
       "      <td>19340.0</td>\n",
       "      <td>9.869983</td>\n",
       "      <td>38.428128</td>\n",
       "      <td>43.133402</td>\n",
       "      <td>49.214064</td>\n",
       "      <td>60.449845</td>\n",
       "      <td>3857.0</td>\n",
       "      <td>8.257904</td>\n",
       "      <td>19.943123</td>\n",
       "      <td>19340.0</td>\n",
       "      <td>2</td>\n",
       "      <td>Cortex_2</td>\n",
       "    </tr>\n",
       "    <tr>\n",
       "      <th>AAACAATCTACTAGCA-1</th>\n",
       "      <td>1</td>\n",
       "      <td>3</td>\n",
       "      <td>43</td>\n",
       "      <td>3448</td>\n",
       "      <td>8.145840</td>\n",
       "      <td>13750.0</td>\n",
       "      <td>9.528867</td>\n",
       "      <td>50.516364</td>\n",
       "      <td>55.141818</td>\n",
       "      <td>60.952727</td>\n",
       "      <td>70.574545</td>\n",
       "      <td>3267.0</td>\n",
       "      <td>8.091933</td>\n",
       "      <td>23.760000</td>\n",
       "      <td>13750.0</td>\n",
       "      <td>11</td>\n",
       "      <td>Cortex_5</td>\n",
       "    </tr>\n",
       "    <tr>\n",
       "      <th>AAACACCAATAACTGC-1</th>\n",
       "      <td>1</td>\n",
       "      <td>59</td>\n",
       "      <td>19</td>\n",
       "      <td>6022</td>\n",
       "      <td>8.703341</td>\n",
       "      <td>32710.0</td>\n",
       "      <td>10.395467</td>\n",
       "      <td>40.483033</td>\n",
       "      <td>47.071232</td>\n",
       "      <td>54.564353</td>\n",
       "      <td>65.087129</td>\n",
       "      <td>4910.0</td>\n",
       "      <td>8.499233</td>\n",
       "      <td>15.010699</td>\n",
       "      <td>32710.0</td>\n",
       "      <td>7</td>\n",
       "      <td>Thalamus_2</td>\n",
       "    </tr>\n",
       "    <tr>\n",
       "      <th>AAACAGAGCGACTCCT-1</th>\n",
       "      <td>1</td>\n",
       "      <td>14</td>\n",
       "      <td>94</td>\n",
       "      <td>4311</td>\n",
       "      <td>8.369157</td>\n",
       "      <td>15909.0</td>\n",
       "      <td>9.674704</td>\n",
       "      <td>40.957948</td>\n",
       "      <td>45.810547</td>\n",
       "      <td>52.077440</td>\n",
       "      <td>62.976931</td>\n",
       "      <td>3270.0</td>\n",
       "      <td>8.092851</td>\n",
       "      <td>20.554403</td>\n",
       "      <td>15909.0</td>\n",
       "      <td>11</td>\n",
       "      <td>Cortex_5</td>\n",
       "    </tr>\n",
       "    <tr>\n",
       "      <th>AAACCGGGTAGGTACC-1</th>\n",
       "      <td>1</td>\n",
       "      <td>42</td>\n",
       "      <td>28</td>\n",
       "      <td>5787</td>\n",
       "      <td>8.663542</td>\n",
       "      <td>31856.0</td>\n",
       "      <td>10.369013</td>\n",
       "      <td>40.287544</td>\n",
       "      <td>45.887745</td>\n",
       "      <td>52.982170</td>\n",
       "      <td>64.248493</td>\n",
       "      <td>6693.0</td>\n",
       "      <td>8.808967</td>\n",
       "      <td>21.010170</td>\n",
       "      <td>31856.0</td>\n",
       "      <td>7</td>\n",
       "      <td>Thalamus_2</td>\n",
       "    </tr>\n",
       "    <tr>\n",
       "      <th>...</th>\n",
       "      <td>...</td>\n",
       "      <td>...</td>\n",
       "      <td>...</td>\n",
       "      <td>...</td>\n",
       "      <td>...</td>\n",
       "      <td>...</td>\n",
       "      <td>...</td>\n",
       "      <td>...</td>\n",
       "      <td>...</td>\n",
       "      <td>...</td>\n",
       "      <td>...</td>\n",
       "      <td>...</td>\n",
       "      <td>...</td>\n",
       "      <td>...</td>\n",
       "      <td>...</td>\n",
       "      <td>...</td>\n",
       "      <td>...</td>\n",
       "    </tr>\n",
       "    <tr>\n",
       "      <th>TTGTTGTGTGTCAAGA-1</th>\n",
       "      <td>1</td>\n",
       "      <td>31</td>\n",
       "      <td>77</td>\n",
       "      <td>7016</td>\n",
       "      <td>8.856091</td>\n",
       "      <td>34390.0</td>\n",
       "      <td>10.445550</td>\n",
       "      <td>30.994475</td>\n",
       "      <td>37.758069</td>\n",
       "      <td>45.891247</td>\n",
       "      <td>57.321896</td>\n",
       "      <td>4002.0</td>\n",
       "      <td>8.294800</td>\n",
       "      <td>11.637104</td>\n",
       "      <td>34390.0</td>\n",
       "      <td>12</td>\n",
       "      <td>Lateral_ventricle</td>\n",
       "    </tr>\n",
       "    <tr>\n",
       "      <th>TTGTTTCACATCCAGG-1</th>\n",
       "      <td>1</td>\n",
       "      <td>58</td>\n",
       "      <td>42</td>\n",
       "      <td>6995</td>\n",
       "      <td>8.853094</td>\n",
       "      <td>44372.0</td>\n",
       "      <td>10.700386</td>\n",
       "      <td>33.284504</td>\n",
       "      <td>40.203281</td>\n",
       "      <td>48.906968</td>\n",
       "      <td>61.421617</td>\n",
       "      <td>5739.0</td>\n",
       "      <td>8.655214</td>\n",
       "      <td>12.933832</td>\n",
       "      <td>44372.0</td>\n",
       "      <td>6</td>\n",
       "      <td>Hypothalamus_1</td>\n",
       "    </tr>\n",
       "    <tr>\n",
       "      <th>TTGTTTCATTAGTCTA-1</th>\n",
       "      <td>1</td>\n",
       "      <td>60</td>\n",
       "      <td>30</td>\n",
       "      <td>5082</td>\n",
       "      <td>8.533657</td>\n",
       "      <td>24432.0</td>\n",
       "      <td>10.103690</td>\n",
       "      <td>38.506876</td>\n",
       "      <td>45.640963</td>\n",
       "      <td>53.675508</td>\n",
       "      <td>65.307793</td>\n",
       "      <td>3560.0</td>\n",
       "      <td>8.177796</td>\n",
       "      <td>14.571054</td>\n",
       "      <td>24432.0</td>\n",
       "      <td>6</td>\n",
       "      <td>Hypothalamus_1</td>\n",
       "    </tr>\n",
       "    <tr>\n",
       "      <th>TTGTTTCCATACAACT-1</th>\n",
       "      <td>1</td>\n",
       "      <td>45</td>\n",
       "      <td>27</td>\n",
       "      <td>5661</td>\n",
       "      <td>8.641532</td>\n",
       "      <td>27381.0</td>\n",
       "      <td>10.217641</td>\n",
       "      <td>36.886892</td>\n",
       "      <td>42.441839</td>\n",
       "      <td>49.589131</td>\n",
       "      <td>60.998503</td>\n",
       "      <td>5296.0</td>\n",
       "      <td>8.574896</td>\n",
       "      <td>19.341881</td>\n",
       "      <td>27381.0</td>\n",
       "      <td>7</td>\n",
       "      <td>Thalamus_2</td>\n",
       "    </tr>\n",
       "    <tr>\n",
       "      <th>TTGTTTGTGTAAATTC-1</th>\n",
       "      <td>1</td>\n",
       "      <td>7</td>\n",
       "      <td>51</td>\n",
       "      <td>5626</td>\n",
       "      <td>8.635332</td>\n",
       "      <td>23846.0</td>\n",
       "      <td>10.079413</td>\n",
       "      <td>31.187621</td>\n",
       "      <td>36.660237</td>\n",
       "      <td>44.284157</td>\n",
       "      <td>56.915206</td>\n",
       "      <td>3950.0</td>\n",
       "      <td>8.281724</td>\n",
       "      <td>16.564623</td>\n",
       "      <td>23846.0</td>\n",
       "      <td>8</td>\n",
       "      <td>Cortex_4</td>\n",
       "    </tr>\n",
       "  </tbody>\n",
       "</table>\n",
       "<p>2688 rows × 17 columns</p>\n",
       "</div>"
      ],
      "text/plain": [
       "                    in_tissue  array_row  array_col  n_genes_by_counts  \\\n",
       "AAACAAGTATCTCCCA-1          1         50        102               4928   \n",
       "AAACAATCTACTAGCA-1          1          3         43               3448   \n",
       "AAACACCAATAACTGC-1          1         59         19               6022   \n",
       "AAACAGAGCGACTCCT-1          1         14         94               4311   \n",
       "AAACCGGGTAGGTACC-1          1         42         28               5787   \n",
       "...                       ...        ...        ...                ...   \n",
       "TTGTTGTGTGTCAAGA-1          1         31         77               7016   \n",
       "TTGTTTCACATCCAGG-1          1         58         42               6995   \n",
       "TTGTTTCATTAGTCTA-1          1         60         30               5082   \n",
       "TTGTTTCCATACAACT-1          1         45         27               5661   \n",
       "TTGTTTGTGTAAATTC-1          1          7         51               5626   \n",
       "\n",
       "                    log1p_n_genes_by_counts  total_counts  log1p_total_counts  \\\n",
       "AAACAAGTATCTCCCA-1                 8.502891       19340.0            9.869983   \n",
       "AAACAATCTACTAGCA-1                 8.145840       13750.0            9.528867   \n",
       "AAACACCAATAACTGC-1                 8.703341       32710.0           10.395467   \n",
       "AAACAGAGCGACTCCT-1                 8.369157       15909.0            9.674704   \n",
       "AAACCGGGTAGGTACC-1                 8.663542       31856.0           10.369013   \n",
       "...                                     ...           ...                 ...   \n",
       "TTGTTGTGTGTCAAGA-1                 8.856091       34390.0           10.445550   \n",
       "TTGTTTCACATCCAGG-1                 8.853094       44372.0           10.700386   \n",
       "TTGTTTCATTAGTCTA-1                 8.533657       24432.0           10.103690   \n",
       "TTGTTTCCATACAACT-1                 8.641532       27381.0           10.217641   \n",
       "TTGTTTGTGTAAATTC-1                 8.635332       23846.0           10.079413   \n",
       "\n",
       "                    pct_counts_in_top_50_genes  pct_counts_in_top_100_genes  \\\n",
       "AAACAAGTATCTCCCA-1                   38.428128                    43.133402   \n",
       "AAACAATCTACTAGCA-1                   50.516364                    55.141818   \n",
       "AAACACCAATAACTGC-1                   40.483033                    47.071232   \n",
       "AAACAGAGCGACTCCT-1                   40.957948                    45.810547   \n",
       "AAACCGGGTAGGTACC-1                   40.287544                    45.887745   \n",
       "...                                        ...                          ...   \n",
       "TTGTTGTGTGTCAAGA-1                   30.994475                    37.758069   \n",
       "TTGTTTCACATCCAGG-1                   33.284504                    40.203281   \n",
       "TTGTTTCATTAGTCTA-1                   38.506876                    45.640963   \n",
       "TTGTTTCCATACAACT-1                   36.886892                    42.441839   \n",
       "TTGTTTGTGTAAATTC-1                   31.187621                    36.660237   \n",
       "\n",
       "                    pct_counts_in_top_200_genes  pct_counts_in_top_500_genes  \\\n",
       "AAACAAGTATCTCCCA-1                    49.214064                    60.449845   \n",
       "AAACAATCTACTAGCA-1                    60.952727                    70.574545   \n",
       "AAACACCAATAACTGC-1                    54.564353                    65.087129   \n",
       "AAACAGAGCGACTCCT-1                    52.077440                    62.976931   \n",
       "AAACCGGGTAGGTACC-1                    52.982170                    64.248493   \n",
       "...                                         ...                          ...   \n",
       "TTGTTGTGTGTCAAGA-1                    45.891247                    57.321896   \n",
       "TTGTTTCACATCCAGG-1                    48.906968                    61.421617   \n",
       "TTGTTTCATTAGTCTA-1                    53.675508                    65.307793   \n",
       "TTGTTTCCATACAACT-1                    49.589131                    60.998503   \n",
       "TTGTTTGTGTAAATTC-1                    44.284157                    56.915206   \n",
       "\n",
       "                    total_counts_mt  log1p_total_counts_mt  pct_counts_mt  \\\n",
       "AAACAAGTATCTCCCA-1           3857.0               8.257904      19.943123   \n",
       "AAACAATCTACTAGCA-1           3267.0               8.091933      23.760000   \n",
       "AAACACCAATAACTGC-1           4910.0               8.499233      15.010699   \n",
       "AAACAGAGCGACTCCT-1           3270.0               8.092851      20.554403   \n",
       "AAACCGGGTAGGTACC-1           6693.0               8.808967      21.010170   \n",
       "...                             ...                    ...            ...   \n",
       "TTGTTGTGTGTCAAGA-1           4002.0               8.294800      11.637104   \n",
       "TTGTTTCACATCCAGG-1           5739.0               8.655214      12.933832   \n",
       "TTGTTTCATTAGTCTA-1           3560.0               8.177796      14.571054   \n",
       "TTGTTTCCATACAACT-1           5296.0               8.574896      19.341881   \n",
       "TTGTTTGTGTAAATTC-1           3950.0               8.281724      16.564623   \n",
       "\n",
       "                    n_counts leiden            cluster  \n",
       "AAACAAGTATCTCCCA-1   19340.0      2           Cortex_2  \n",
       "AAACAATCTACTAGCA-1   13750.0     11           Cortex_5  \n",
       "AAACACCAATAACTGC-1   32710.0      7         Thalamus_2  \n",
       "AAACAGAGCGACTCCT-1   15909.0     11           Cortex_5  \n",
       "AAACCGGGTAGGTACC-1   31856.0      7         Thalamus_2  \n",
       "...                      ...    ...                ...  \n",
       "TTGTTGTGTGTCAAGA-1   34390.0     12  Lateral_ventricle  \n",
       "TTGTTTCACATCCAGG-1   44372.0      6     Hypothalamus_1  \n",
       "TTGTTTCATTAGTCTA-1   24432.0      6     Hypothalamus_1  \n",
       "TTGTTTCCATACAACT-1   27381.0      7         Thalamus_2  \n",
       "TTGTTTGTGTAAATTC-1   23846.0      8           Cortex_4  \n",
       "\n",
       "[2688 rows x 17 columns]"
      ]
     },
     "execution_count": 5,
     "metadata": {},
     "output_type": "execute_result"
    }
   ],
   "source": [
    "adata.obs"
   ]
  },
  {
   "cell_type": "code",
   "execution_count": 6,
   "metadata": {},
   "outputs": [
    {
     "name": "stderr",
     "output_type": "stream",
     "text": [
      "/home/mowp/mambaforge/envs/st/lib/python3.9/site-packages/IPython/lib/pretty.py:778: FutureWarning: is_categorical_dtype is deprecated and will be removed in a future version. Use isinstance(dtype, CategoricalDtype) instead\n",
      "  output = repr(obj)\n"
     ]
    },
    {
     "data": {
      "text/html": [
       "<div>\n",
       "<style scoped>\n",
       "    .dataframe tbody tr th:only-of-type {\n",
       "        vertical-align: middle;\n",
       "    }\n",
       "\n",
       "    .dataframe tbody tr th {\n",
       "        vertical-align: top;\n",
       "    }\n",
       "\n",
       "    .dataframe thead th {\n",
       "        text-align: right;\n",
       "    }\n",
       "</style>\n",
       "<table border=\"1\" class=\"dataframe\">\n",
       "  <thead>\n",
       "    <tr style=\"text-align: right;\">\n",
       "      <th></th>\n",
       "      <th>gene_ids</th>\n",
       "      <th>feature_types</th>\n",
       "      <th>genome</th>\n",
       "      <th>mt</th>\n",
       "      <th>n_cells_by_counts</th>\n",
       "      <th>mean_counts</th>\n",
       "      <th>log1p_mean_counts</th>\n",
       "      <th>pct_dropout_by_counts</th>\n",
       "      <th>total_counts</th>\n",
       "      <th>log1p_total_counts</th>\n",
       "      <th>n_cells</th>\n",
       "      <th>highly_variable</th>\n",
       "      <th>highly_variable_rank</th>\n",
       "      <th>means</th>\n",
       "      <th>variances</th>\n",
       "      <th>variances_norm</th>\n",
       "    </tr>\n",
       "  </thead>\n",
       "  <tbody>\n",
       "    <tr>\n",
       "      <th>Xkr4</th>\n",
       "      <td>ENSMUSG00000051951</td>\n",
       "      <td>Gene Expression</td>\n",
       "      <td>mm10</td>\n",
       "      <td>False</td>\n",
       "      <td>233</td>\n",
       "      <td>0.093032</td>\n",
       "      <td>0.088955</td>\n",
       "      <td>91.363973</td>\n",
       "      <td>251.0</td>\n",
       "      <td>5.529429</td>\n",
       "      <td>233</td>\n",
       "      <td>False</td>\n",
       "      <td>NaN</td>\n",
       "      <td>0.093378</td>\n",
       "      <td>0.098832</td>\n",
       "      <td>0.815019</td>\n",
       "    </tr>\n",
       "    <tr>\n",
       "      <th>Sox17</th>\n",
       "      <td>ENSMUSG00000025902</td>\n",
       "      <td>Gene Expression</td>\n",
       "      <td>mm10</td>\n",
       "      <td>False</td>\n",
       "      <td>298</td>\n",
       "      <td>0.128243</td>\n",
       "      <td>0.120662</td>\n",
       "      <td>88.954781</td>\n",
       "      <td>346.0</td>\n",
       "      <td>5.849325</td>\n",
       "      <td>298</td>\n",
       "      <td>False</td>\n",
       "      <td>NaN</td>\n",
       "      <td>0.128720</td>\n",
       "      <td>0.156108</td>\n",
       "      <td>0.931378</td>\n",
       "    </tr>\n",
       "    <tr>\n",
       "      <th>Mrpl15</th>\n",
       "      <td>ENSMUSG00000033845</td>\n",
       "      <td>Gene Expression</td>\n",
       "      <td>mm10</td>\n",
       "      <td>False</td>\n",
       "      <td>1775</td>\n",
       "      <td>1.370645</td>\n",
       "      <td>0.863162</td>\n",
       "      <td>34.210526</td>\n",
       "      <td>3698.0</td>\n",
       "      <td>8.215817</td>\n",
       "      <td>1775</td>\n",
       "      <td>False</td>\n",
       "      <td>NaN</td>\n",
       "      <td>1.375744</td>\n",
       "      <td>2.163193</td>\n",
       "      <td>0.850736</td>\n",
       "    </tr>\n",
       "    <tr>\n",
       "      <th>Lypla1</th>\n",
       "      <td>ENSMUSG00000025903</td>\n",
       "      <td>Gene Expression</td>\n",
       "      <td>mm10</td>\n",
       "      <td>False</td>\n",
       "      <td>1294</td>\n",
       "      <td>0.741290</td>\n",
       "      <td>0.554626</td>\n",
       "      <td>52.038547</td>\n",
       "      <td>2000.0</td>\n",
       "      <td>7.601402</td>\n",
       "      <td>1293</td>\n",
       "      <td>False</td>\n",
       "      <td>NaN</td>\n",
       "      <td>0.743676</td>\n",
       "      <td>0.984143</td>\n",
       "      <td>0.873699</td>\n",
       "    </tr>\n",
       "    <tr>\n",
       "      <th>Tcea1</th>\n",
       "      <td>ENSMUSG00000033813</td>\n",
       "      <td>Gene Expression</td>\n",
       "      <td>mm10</td>\n",
       "      <td>False</td>\n",
       "      <td>1975</td>\n",
       "      <td>1.727947</td>\n",
       "      <td>1.003549</td>\n",
       "      <td>26.797628</td>\n",
       "      <td>4662.0</td>\n",
       "      <td>8.447414</td>\n",
       "      <td>1974</td>\n",
       "      <td>False</td>\n",
       "      <td>NaN</td>\n",
       "      <td>1.734003</td>\n",
       "      <td>3.030447</td>\n",
       "      <td>0.856292</td>\n",
       "    </tr>\n",
       "    <tr>\n",
       "      <th>...</th>\n",
       "      <td>...</td>\n",
       "      <td>...</td>\n",
       "      <td>...</td>\n",
       "      <td>...</td>\n",
       "      <td>...</td>\n",
       "      <td>...</td>\n",
       "      <td>...</td>\n",
       "      <td>...</td>\n",
       "      <td>...</td>\n",
       "      <td>...</td>\n",
       "      <td>...</td>\n",
       "      <td>...</td>\n",
       "      <td>...</td>\n",
       "      <td>...</td>\n",
       "      <td>...</td>\n",
       "      <td>...</td>\n",
       "    </tr>\n",
       "    <tr>\n",
       "      <th>Tmlhe</th>\n",
       "      <td>ENSMUSG00000079834</td>\n",
       "      <td>Gene Expression</td>\n",
       "      <td>mm10</td>\n",
       "      <td>False</td>\n",
       "      <td>72</td>\n",
       "      <td>0.027798</td>\n",
       "      <td>0.027419</td>\n",
       "      <td>97.331357</td>\n",
       "      <td>75.0</td>\n",
       "      <td>4.330733</td>\n",
       "      <td>72</td>\n",
       "      <td>False</td>\n",
       "      <td>NaN</td>\n",
       "      <td>0.027902</td>\n",
       "      <td>0.029366</td>\n",
       "      <td>0.888284</td>\n",
       "    </tr>\n",
       "    <tr>\n",
       "      <th>Gm10931</th>\n",
       "      <td>ENSMUSG00000094350</td>\n",
       "      <td>Gene Expression</td>\n",
       "      <td>mm10</td>\n",
       "      <td>False</td>\n",
       "      <td>5</td>\n",
       "      <td>0.001853</td>\n",
       "      <td>0.001852</td>\n",
       "      <td>99.814678</td>\n",
       "      <td>5.0</td>\n",
       "      <td>1.791759</td>\n",
       "      <td>5</td>\n",
       "      <td>False</td>\n",
       "      <td>NaN</td>\n",
       "      <td>0.001860</td>\n",
       "      <td>0.001857</td>\n",
       "      <td>0.984078</td>\n",
       "    </tr>\n",
       "    <tr>\n",
       "      <th>AC149090.1</th>\n",
       "      <td>ENSMUSG00000095041</td>\n",
       "      <td>Gene Expression</td>\n",
       "      <td>mm10</td>\n",
       "      <td>False</td>\n",
       "      <td>2319</td>\n",
       "      <td>3.296887</td>\n",
       "      <td>1.457891</td>\n",
       "      <td>14.047443</td>\n",
       "      <td>8895.0</td>\n",
       "      <td>9.093357</td>\n",
       "      <td>2318</td>\n",
       "      <td>True</td>\n",
       "      <td>3150.0</td>\n",
       "      <td>3.308780</td>\n",
       "      <td>10.516454</td>\n",
       "      <td>1.096961</td>\n",
       "    </tr>\n",
       "    <tr>\n",
       "      <th>CAAA01118383.1</th>\n",
       "      <td>ENSMUSG00000063897</td>\n",
       "      <td>Gene Expression</td>\n",
       "      <td>mm10</td>\n",
       "      <td>False</td>\n",
       "      <td>695</td>\n",
       "      <td>0.320237</td>\n",
       "      <td>0.277811</td>\n",
       "      <td>74.240178</td>\n",
       "      <td>864.0</td>\n",
       "      <td>6.762730</td>\n",
       "      <td>694</td>\n",
       "      <td>False</td>\n",
       "      <td>NaN</td>\n",
       "      <td>0.321057</td>\n",
       "      <td>0.370647</td>\n",
       "      <td>0.850570</td>\n",
       "    </tr>\n",
       "    <tr>\n",
       "      <th>CAAA01147332.1</th>\n",
       "      <td>ENSMUSG00000095742</td>\n",
       "      <td>Gene Expression</td>\n",
       "      <td>mm10</td>\n",
       "      <td>False</td>\n",
       "      <td>42</td>\n",
       "      <td>0.015938</td>\n",
       "      <td>0.015812</td>\n",
       "      <td>98.443291</td>\n",
       "      <td>43.0</td>\n",
       "      <td>3.784190</td>\n",
       "      <td>42</td>\n",
       "      <td>False</td>\n",
       "      <td>NaN</td>\n",
       "      <td>0.015997</td>\n",
       "      <td>0.016491</td>\n",
       "      <td>0.896595</td>\n",
       "    </tr>\n",
       "  </tbody>\n",
       "</table>\n",
       "<p>18078 rows × 16 columns</p>\n",
       "</div>"
      ],
      "text/plain": [
       "                          gene_ids    feature_types genome     mt  \\\n",
       "Xkr4            ENSMUSG00000051951  Gene Expression   mm10  False   \n",
       "Sox17           ENSMUSG00000025902  Gene Expression   mm10  False   \n",
       "Mrpl15          ENSMUSG00000033845  Gene Expression   mm10  False   \n",
       "Lypla1          ENSMUSG00000025903  Gene Expression   mm10  False   \n",
       "Tcea1           ENSMUSG00000033813  Gene Expression   mm10  False   \n",
       "...                            ...              ...    ...    ...   \n",
       "Tmlhe           ENSMUSG00000079834  Gene Expression   mm10  False   \n",
       "Gm10931         ENSMUSG00000094350  Gene Expression   mm10  False   \n",
       "AC149090.1      ENSMUSG00000095041  Gene Expression   mm10  False   \n",
       "CAAA01118383.1  ENSMUSG00000063897  Gene Expression   mm10  False   \n",
       "CAAA01147332.1  ENSMUSG00000095742  Gene Expression   mm10  False   \n",
       "\n",
       "                n_cells_by_counts  mean_counts  log1p_mean_counts  \\\n",
       "Xkr4                          233     0.093032           0.088955   \n",
       "Sox17                         298     0.128243           0.120662   \n",
       "Mrpl15                       1775     1.370645           0.863162   \n",
       "Lypla1                       1294     0.741290           0.554626   \n",
       "Tcea1                        1975     1.727947           1.003549   \n",
       "...                           ...          ...                ...   \n",
       "Tmlhe                          72     0.027798           0.027419   \n",
       "Gm10931                         5     0.001853           0.001852   \n",
       "AC149090.1                   2319     3.296887           1.457891   \n",
       "CAAA01118383.1                695     0.320237           0.277811   \n",
       "CAAA01147332.1                 42     0.015938           0.015812   \n",
       "\n",
       "                pct_dropout_by_counts  total_counts  log1p_total_counts  \\\n",
       "Xkr4                        91.363973         251.0            5.529429   \n",
       "Sox17                       88.954781         346.0            5.849325   \n",
       "Mrpl15                      34.210526        3698.0            8.215817   \n",
       "Lypla1                      52.038547        2000.0            7.601402   \n",
       "Tcea1                       26.797628        4662.0            8.447414   \n",
       "...                               ...           ...                 ...   \n",
       "Tmlhe                       97.331357          75.0            4.330733   \n",
       "Gm10931                     99.814678           5.0            1.791759   \n",
       "AC149090.1                  14.047443        8895.0            9.093357   \n",
       "CAAA01118383.1              74.240178         864.0            6.762730   \n",
       "CAAA01147332.1              98.443291          43.0            3.784190   \n",
       "\n",
       "                n_cells  highly_variable  highly_variable_rank     means  \\\n",
       "Xkr4                233            False                   NaN  0.093378   \n",
       "Sox17               298            False                   NaN  0.128720   \n",
       "Mrpl15             1775            False                   NaN  1.375744   \n",
       "Lypla1             1293            False                   NaN  0.743676   \n",
       "Tcea1              1974            False                   NaN  1.734003   \n",
       "...                 ...              ...                   ...       ...   \n",
       "Tmlhe                72            False                   NaN  0.027902   \n",
       "Gm10931               5            False                   NaN  0.001860   \n",
       "AC149090.1         2318             True                3150.0  3.308780   \n",
       "CAAA01118383.1      694            False                   NaN  0.321057   \n",
       "CAAA01147332.1       42            False                   NaN  0.015997   \n",
       "\n",
       "                variances  variances_norm  \n",
       "Xkr4             0.098832        0.815019  \n",
       "Sox17            0.156108        0.931378  \n",
       "Mrpl15           2.163193        0.850736  \n",
       "Lypla1           0.984143        0.873699  \n",
       "Tcea1            3.030447        0.856292  \n",
       "...                   ...             ...  \n",
       "Tmlhe            0.029366        0.888284  \n",
       "Gm10931          0.001857        0.984078  \n",
       "AC149090.1      10.516454        1.096961  \n",
       "CAAA01118383.1   0.370647        0.850570  \n",
       "CAAA01147332.1   0.016491        0.896595  \n",
       "\n",
       "[18078 rows x 16 columns]"
      ]
     },
     "execution_count": 6,
     "metadata": {},
     "output_type": "execute_result"
    }
   ],
   "source": [
    "adata.var"
   ]
  },
  {
   "cell_type": "markdown",
   "metadata": {},
   "source": [
    "# Identifying interactions between spatial communities"
   ]
  },
  {
   "cell_type": "code",
   "execution_count": 7,
   "metadata": {},
   "outputs": [
    {
     "name": "stdout",
     "output_type": "stream",
     "text": [
      "Creating graph using `grid` coordinates and `None` transform and `1` libraries.\n",
      "Adding `adata.obsp['spatial_connectivities']`\n",
      "       `adata.obsp['spatial_distances']`\n",
      "       `adata.uns['spatial_neighbors']`\n",
      "Finish (0:00:00)\n"
     ]
    }
   ],
   "source": [
    "# Computing a neighborhood enrichment can help us identify clusters that are neighbors in the tissue of interest\n",
    "sq.gr.spatial_neighbors(adata)"
   ]
  },
  {
   "cell_type": "code",
   "execution_count": 8,
   "metadata": {},
   "outputs": [
    {
     "name": "stderr",
     "output_type": "stream",
     "text": [
      "/home/mowp/mambaforge/envs/st/lib/python3.9/site-packages/squidpy/gr/_utils.py:141: FutureWarning: is_categorical_dtype is deprecated and will be removed in a future version. Use isinstance(dtype, CategoricalDtype) instead\n",
      "  if key not in adata.obsp:\n"
     ]
    },
    {
     "name": "stdout",
     "output_type": "stream",
     "text": [
      "Calculating neighborhood enrichment using `1` core(s)\n"
     ]
    },
    {
     "name": "stderr",
     "output_type": "stream",
     "text": [
      "100%|██████████| 1000/1000 [00:00<00:00, 2606.93/s]\n"
     ]
    },
    {
     "name": "stdout",
     "output_type": "stream",
     "text": [
      "Adding `adata.uns['cluster_nhood_enrichment']`\n",
      "Finish (0:00:00)\n"
     ]
    }
   ],
   "source": [
    "sq.gr.nhood_enrichment(adata, cluster_key=\"cluster\")"
   ]
  },
  {
   "cell_type": "code",
   "execution_count": 9,
   "metadata": {},
   "outputs": [
    {
     "data": {
      "text/plain": [
       "{'zscore': array([[ 69.20116482, -13.32762721,  -0.47864447,   2.97573435,\n",
       "          -8.91123677, -12.32180064,  -8.76720979, -12.03444548,\n",
       "          -9.69332452,  -8.81325177,  -5.2325766 ,  -6.69183939,\n",
       "         -10.6041858 , -14.80167216, -12.16111437],\n",
       "        [-13.32762721,  75.46872624,  -6.48540733,  -9.11113922,\n",
       "           1.90992313, -12.17299945, -12.06581232, -11.9978039 ,\n",
       "          -9.33739025,  -7.15047279,  -5.10134736,  -6.32287224,\n",
       "          -3.35835909, -13.38410544, -11.2483886 ],\n",
       "        [ -0.47864447,  -6.48540733,  66.27973666,  -9.8667963 ,\n",
       "          -8.29587968,  -3.51571845, -11.50840604, -11.50146254,\n",
       "          -9.08627604,  -7.94233304,  -5.08320387,  -6.51225009,\n",
       "          -7.61898338, -13.06741556, -10.8718414 ],\n",
       "        [  2.97573435,  -9.11113922,  -9.8667963 ,  62.64848053,\n",
       "          14.27499212,  -9.75325807,  -9.38353962,  -9.0541691 ,\n",
       "          -7.30029312,  -6.32461812,  -3.95146747,  -5.16248091,\n",
       "          -7.7991402 , -10.71713921,  -8.48906713],\n",
       "        [ -8.91123677,   1.90992313,  -8.29587968,  14.27499212,\n",
       "          37.19829539,  -8.46504841,  -7.34498872,  -7.81603103,\n",
       "          -6.2032808 ,  -1.74043659,  -3.47191377,  -4.59250197,\n",
       "          -6.71988786,  -9.06842077,  -7.94980006],\n",
       "        [-12.32180064, -12.17299945,  -3.51571845,  -9.75325807,\n",
       "          -8.46504841,  55.98045119,  -1.709457  , -10.24342064,\n",
       "           3.28099266,   4.80321828,  -4.4395907 ,  -6.02514934,\n",
       "          -3.97257075,  -8.86910979,  -7.66082634],\n",
       "        [ -8.76720979, -12.06581232, -11.50840604,  -9.38353962,\n",
       "          -7.34498872,  -1.709457  ,  56.06873971, -10.93886525,\n",
       "          -6.72671234,  -2.37263665,  25.96527319,  13.31365644,\n",
       "          -9.72438214, -12.02282495, -10.42480012],\n",
       "        [-12.03444548, -11.9978039 , -11.50146254,  -9.0541691 ,\n",
       "          -7.81603103, -10.24342064, -10.93886525,  77.83292063,\n",
       "          -3.9851128 ,  -4.27096305,  -4.45081124,  -5.90349246,\n",
       "          -9.23153021, -11.5692465 ,  -6.61720971],\n",
       "        [ -9.69332452,  -9.33739025,  -9.08627604,  -7.30029312,\n",
       "          -6.2032808 ,   3.28099266,  -6.72671234,  -3.9851128 ,\n",
       "          61.85967587,  -4.4962004 ,  -3.50698748,  -2.23039532,\n",
       "          -6.78697023,  -1.40175734,  -2.25849593],\n",
       "        [ -8.81325177,  -7.15047279,  -7.94233304,  -6.32461812,\n",
       "          -1.74043659,   4.80321828,  -2.37263665,  -4.27096305,\n",
       "          -4.4962004 ,  44.29184273,  -3.08955608,  -3.94105206,\n",
       "           5.10279344,  -8.06310859,  -4.30762349],\n",
       "        [ -5.2325766 ,  -5.10134736,  -5.08320387,  -3.95146747,\n",
       "          -3.47191377,  -4.4395907 ,  25.96527319,  -4.45081124,\n",
       "          -3.50698748,  -3.08955608,  42.59524796,  -1.28267712,\n",
       "          -3.82091728,  -5.24651253,  -4.50718161],\n",
       "        [ -6.69183939,  -6.32287224,  -6.51225009,  -5.16248091,\n",
       "          -4.59250197,  -6.02514934,  13.31365644,  -5.90349246,\n",
       "          -2.23039532,  -3.94105206,  -1.28267712,  64.13744229,\n",
       "          -4.88450822,  -4.72984524,  -5.48189207],\n",
       "        [-10.6041858 ,  -3.35835909,  -7.61898338,  -7.7991402 ,\n",
       "          -6.71988786,  -3.97257075,  -9.72438214,  -9.23153021,\n",
       "          -6.78697023,   5.10279344,  -3.82091728,  -4.88450822,\n",
       "          74.95783884, -10.19304984,  -8.54688514],\n",
       "        [-14.80167216, -13.38410544, -13.06741556, -10.71713921,\n",
       "          -9.06842077,  -8.86910979, -12.02282495, -11.5692465 ,\n",
       "          -1.40175734,  -8.06310859,  -5.24651253,  -4.72984524,\n",
       "         -10.19304984,  80.99418175,  -3.83310566],\n",
       "        [-12.16111437, -11.2483886 , -10.8718414 ,  -8.48906713,\n",
       "          -7.94980006,  -7.66082634, -10.42480012,  -6.61720971,\n",
       "          -2.25849593,  -4.30762349,  -4.50718161,  -5.48189207,\n",
       "          -8.54688514,  -3.83310566,  69.61436147]]),\n",
       " 'count': array([[1352,    1,  145,  128,    4,    4,   40,    0,    0,    0,    0,\n",
       "            0,    0,    0,    0],\n",
       "        [   1, 1290,   67,    9,   87,    0,    0,    0,    0,    7,    0,\n",
       "            0,   55,    0,    0],\n",
       "        [ 145,   67, 1140,    0,    2,   83,    3,    0,    0,    0,    0,\n",
       "            0,   18,    0,    0],\n",
       "        [ 128,    9,    0,  678,  140,    0,    0,    0,    0,    0,    0,\n",
       "            0,    0,    0,    0],\n",
       "        [   4,   87,    2,  140,  330,    0,    6,    0,    0,   20,    0,\n",
       "            0,    0,    0,    0],\n",
       "        [   4,    0,   83,    0,    0,  878,   92,    7,   90,   84,    1,\n",
       "            0,   43,   35,   24],\n",
       "        [  40,    0,    3,    0,    6,   92,  872,    0,   13,   34,  128,\n",
       "          104,    0,    3,    0],\n",
       "        [   0,    0,    0,    0,    0,    7,    0, 1080,   31,   19,    0,\n",
       "            0,    0,    0,   29],\n",
       "        [   0,    0,    0,    0,    0,   90,   13,   31,  544,    7,    0,\n",
       "           10,    0,   64,   39],\n",
       "        [   0,    7,    0,    0,   20,   84,   34,   19,    7,  314,    0,\n",
       "            0,   63,    1,   17],\n",
       "        [   0,    0,    0,    0,    0,    1,  128,    0,    0,    0,  120,\n",
       "            3,    0,    0,    0],\n",
       "        [   0,    0,    0,    0,    0,    0,  104,    0,   10,    0,    3,\n",
       "          280,    0,    9,    0],\n",
       "        [   0,   55,   18,    0,    0,   43,    0,    0,    0,   63,    0,\n",
       "            0,  736,    0,    0],\n",
